54fadb412c4e40cdbaed9335e4c35a9e
54fadb412c4e40cdbaed9335e4c35a9e
54fadb412c4e40cdbaed9335e4c35a9e
54fadb412c4e40cdbaed9335e4c35a9e
54fadb412c4e40cdbaed9335e4c35a9e
54fadb412c4e40cdbaed9335e4c35a9e



54fadb412c4e40cdbaed9335e4c35a9e
54fadb412c4e40cdbaed9335e4c35a9e



54fadb412c4e40cdbaed9335e4c35a9e
54fadb412c4e40cdbaed9335e4c35a9e
54fadb412c4e40cdbaed9335e4c35a9e
54fadb412c4e40cdbaed9335e4c35a9e
54fadb412c4e40cdbaed9335e4c35a9e
54fadb412c4e40cdbaed9335e4c35a9e
e9746973ac574c6b8a9e8857f56a7608
e9746973ac574c6b8a9e8857f56a7608


54fadb412c4e40cdbaed9335e4c35a9e




54fadb412c4e40cdbaed9335e4c35a9e

54fadb412c4e40cdbaed9335e4c35a9e
54fadb412c4e40cdbaed9335e4c35a9e











54fadb412c4e40cdbaed9335e4c35a9e

54fadb412c4e40cdbaed9335e4c35a9e

54fadb412c4e40cdbaed9335e4c35a9e

54fadb412c4e40cdbaed9335e4c35a9e
54fadb412c4e40cdbaed9335e4c35a9e
54fadb412c4e40cdbaed9335e4c35a9e
54fadb412c4e40cdbaed9335e4c35a9e
54fadb412c4e40cdbaed9335e4c35a9e
54fadb412c4e40cdbaed9335e4c35a9e



e9746973ac574c6b8a9e8857f56a7608
e9746973ac574c6b8a9e8857f56a7608
54fadb412c4e40cdbaed9335e4c35a9e
54fadb412c4e40cdbaed9335e4c35a9e
54fadb412c4e40cdbaed9335e4c35a9e
54fadb412c4e40cdbaed9335e4c35a9e
54fadb412c4e40cdbaed9335e4c35a9e
54fadb412c4e40cdbaed9335e4c35a9e
54fadb412c4e40cdbaed9335e4c35a9e
54fadb412c4e40cdbaed9335e4c35a9e
54fadb412c4e40cdbaed9335e4c35a9e
54fadb412c4e40cdbaed9335e4c35a9e
54fadb412c4e40cdbaed9335e4c35a9e
54fadb412c4e40cdbaed9335e4c35a9e
54fadb412c4e40cdbaed9335e4c35a9e
54fadb412c4e40cdbaed9335e4c35a9e

54fadb412c4e40cdbaed9335e4c35a9e
54fadb412c4e40cdbaed9335e4c35a9e
54fadb412c4e40cdbaed9335e4c35a9e
54fadb412c4e40cdbaed9335e4c35a9e
54fadb412c4e40cdbaed9335e4c35a9e
54fadb412c4e40cdbaed9335e4c35a9e
54fadb412c4e40cdbaed9335e4c35a9e
54fadb412c4e40cdbaed9335e4c35a9e
54fadb412c4e40cdbaed9335e4c35a9e
54fadb412c4e40cdbaed9335e4c35a9e
54fadb412c4e40cdbaed9335e4c35a9e
54fadb412c4e40cdbaed9335e4c35a9e
54fadb412c4e40cdbaed9335e4c35a9e
54fadb412c4e40cdbaed9335e4c35a9e
54fadb412c4e40cdbaed9335e4c35a9e



54fadb412c4e40cdbaed9335e4c35a9e


54fadb412c4e40cdbaed9335e4c35a9e

54fadb412c4e40cdbaed9335e4c35a9e
54fadb412c4e40cdbaed9335e4c35a9e
54fadb412c4e40cdbaed9335e4c35a9e
54fadb412c4e40cdbaed9335e4c35a9e
54fadb412c4e40cdbaed9335e4c35a9e
54fadb412c4e40cdbaed9335e4c35a9e



54fadb412c4e40cdbaed9335e4c35a9e
54fadb412c4e40cdbaed9335e4c35a9e
e9746973ac574c6b8a9e8857f56a7608
e9746973ac574c6b8a9e8857f56a7608


54fadb412c4e40cdbaed9335e4c35a9e


54fadb412c4e40cdbaed9335e4c35a9e
54fadb412c4e40cdbaed9335e4c35a9e
54fadb412c4e40cdbaed9335e4c35a9e















54fadb412c4e40cdbaed9335e4c35a9e
54fadb412c4e40cdbaed9335e4c35a9e

54fadb412c4e40cdbaed9335e4c35a9e


54fadb412c4e40cdbaed9335e4c35a9e
54fadb412c4e40cdbaed9335e4c35a9e
54fadb412c4e40cdbaed9335e4c35a9e
54fadb412c4e40cdbaed9335e4c35a9e
54fadb412c4e40cdbaed9335e4c35a9e



54fadb412c4e40cdbaed9335e4c35a9e
e9746973ac574c6b8a9e8857f56a7608
e9746973ac574c6b8a9e8857f56a7608
54fadb412c4e40cdbaed9335e4c35a9e
54fadb412c4e40cdbaed9335e4c35a9e
54fadb412c4e40cdbaed9335e4c35a9e
54fadb412c4e40cdbaed9335e4c35a9e
54fadb412c4e40cdbaed9335e4c35a9e
54fadb412c4e40cdbaed9335e4c35a9e
54fadb412c4e40cdbaed9335e4c35a9e
54fadb412c4e40cdbaed9335e4c35a9e
54fadb412c4e40cdbaed9335e4c35a9e
54fadb412c4e40cdbaed9335e4c35a9e
54fadb412c4e40cdbaed9335e4c35a9e

54fadb412c4e40cdbaed9335e4c35a9e


54fadb412c4e40cdbaed9335e4c35a9e

54fadb412c4e40cdbaed9335e4c35a9e

54fadb412c4e40cdbaed9335e4c35a9e
54fadb412c4e40cdbaed9335e4c35a9e
54fadb412c4e40cdbaed9335e4c35a9e
54fadb412c4e40cdbaed9335e4c35a9e
54fadb412c4e40cdbaed9335e4c35a9e
54fadb412c4e40cdbaed9335e4c35a9e
54fadb412c4e40cdbaed9335e4c35a9e
54fadb412c4e40cdbaed9335e4c35a9e
54fadb412c4e40cdbaed9335e4c35a9e
54fadb412c4e40cdbaed9335e4c35a9e
54fadb412c4e40cdbaed9335e4c35a9e
54fadb412c4e40cdbaed9335e4c35a9e
54fadb412c4e40cdbaed9335e4c35a9e



54fadb412c4e40cdbaed9335e4c35a9e
54fadb412c4e40cdbaed9335e4c35a9e



54fadb412c4e40cdbaed9335e4c35a9e
54fadb412c4e40cdbaed9335e4c35a9e
54fadb412c4e40cdbaed9335e4c35a9e
54fadb412c4e40cdbaed9335e4c35a9e
54fadb412c4e40cdbaed9335e4c35a9e



54fadb412c4e40cdbaed9335e4c35a9e
54fadb412c4e40cdbaed9335e4c35a9e
54fadb412c4e40cdbaed9335e4c35a9e
e9746973ac574c6b8a9e8857f56a7608
e9746973ac574c6b8a9e8857f56a7608


54fadb412c4e40cdbaed9335e4c35a9e


54fadb412c4e40cdbaed9335e4c35a9e
54fadb412c4e40cdbaed9335e4c35a9e
54fadb412c4e40cdbaed9335e4c35a9e








54fadb412c4e40cdbaed9335e4c35a9e
54fadb412c4e40cdbaed9335e4c35a9e


54fadb412c4e40cdbaed9335e4c35a9e



54fadb412c4e40cdbaed9335e4c35a9e
54fadb412c4e40cdbaed9335e4c35a9e
54fadb412c4e40cdbaed9335e4c35a9e
54fadb412c4e40cdbaed9335e4c35a9e
54fadb412c4e40cdbaed9335e4c35a9e
54fadb412c4e40cdbaed9335e4c35a9e
e9746973ac574c6b8a9e8857f56a7608
e9746973ac574c6b8a9e8857f56a7608






54fadb412c4e40cdbaed9335e4c35a9e
54fadb412c4e40cdbaed9335e4c35a9e
54fadb412c4e40cdbaed9335e4c35a9e
54fadb412c4e40cdbaed9335e4c35a9e
54fadb412c4e40cdbaed9335e4c35a9e
54fadb412c4e40cdbaed9335e4c35a9e
54fadb412c4e40cdbaed9335e4c35a9e
54fadb412c4e40cdbaed9335e4c35a9e
54fadb412c4e40cdbaed9335e4c35a9e
54fadb412c4e40cdbaed9335e4c35a9e
54fadb412c4e40cdbaed9335e4c35a9e
54fadb412c4e40cdbaed9335e4c35a9e
54fadb412c4e40cdbaed9335e4c35a9e
54fadb412c4e40cdbaed9335e4c35a9e
54fadb412c4e40cdbaed9335e4c35a9e

54fadb412c4e40cdbaed9335e4c35a9e
54fadb412c4e40cdbaed9335e4c35a9e
54fadb412c4e40cdbaed9335e4c35a9e
54fadb412c4e40cdbaed9335e4c35a9e
54fadb412c4e40cdbaed9335e4c35a9e
54fadb412c4e40cdbaed9335e4c35a9e
54fadb412c4e40cdbaed9335e4c35a9e
54fadb412c4e40cdbaed9335e4c35a9e
54fadb412c4e40cdbaed9335e4c35a9e
54fadb412c4e40cdbaed9335e4c35a9e
54fadb412c4e40cdbaed9335e4c35a9e
54fadb412c4e40cdbaed9335e4c35a9e



54fadb412c4e40cdbaed9335e4c35a9e
54fadb412c4e40cdbaed9335e4c35a9e
54fadb412c4e40cdbaed9335e4c35a9e


54fadb412c4e40cdbaed9335e4c35a9e

54fadb412c4e40cdbaed9335e4c35a9e
54fadb412c4e40cdbaed9335e4c35a9e
54fadb412c4e40cdbaed9335e4c35a9e



54fadb412c4e40cdbaed9335e4c35a9e
54fadb412c4e40cdbaed9335e4c35a9e
54fadb412c4e40cdbaed9335e4c35a9e
54fadb412c4e40cdbaed9335e4c35a9e
54fadb412c4e40cdbaed9335e4c35a9e

e9746973ac574c6b8a9e8857f56a7608
e9746973ac574c6b8a9e8857f56a7608


54fadb412c4e40cdbaed9335e4c35a9e


54fadb412c4e40cdbaed9335e4c35a9e



54fadb412c4e40cdbaed9335e4c35a9e



54fadb412c4e40cdbaed9335e4c35a9e






54fadb412c4e40cdbaed9335e4c35a9e
54fadb412c4e40cdbaed9335e4c35a9e


54fadb412c4e40cdbaed9335e4c35a9e
54fadb412c4e40cdbaed9335e4c35a9e
54fadb412c4e40cdbaed9335e4c35a9e
54fadb412c4e40cdbaed9335e4c35a9e
54fadb412c4e40cdbaed9335e4c35a9e
54fadb412c4e40cdbaed9335e4c35a9e
54fadb412c4e40cdbaed9335e4c35a9e



e9746973ac574c6b8a9e8857f56a7608
e9746973ac574c6b8a9e8857f56a7608



54fadb412c4e40cdbaed9335e4c35a9e
54fadb412c4e40cdbaed9335e4c35a9e
54fadb412c4e40cdbaed9335e4c35a9e
54fadb412c4e40cdbaed9335e4c35a9e
54fadb412c4e40cdbaed9335e4c35a9e
54fadb412c4e40cdbaed9335e4c35a9e
54fadb412c4e40cdbaed9335e4c35a9e
54fadb412c4e40cdbaed9335e4c35a9e
54fadb412c4e40cdbaed9335e4c35a9e
54fadb412c4e40cdbaed9335e4c35a9e
54fadb412c4e40cdbaed9335e4c35a9e
54fadb412c4e40cdbaed9335e4c35a9e
54fadb412c4e40cdbaed9335e4c35a9e
54fadb412c4e40cdbaed9335e4c35a9e
54fadb412c4e40cdbaed9335e4c35a9e

54fadb412c4e40cdbaed9335e4c35a9e
54fadb412c4e40cdbaed9335e4c35a9e
54fadb412c4e40cdbaed9335e4c35a9e
54fadb412c4e40cdbaed9335e4c35a9e
54fadb412c4e40cdbaed9335e4c35a9e
54fadb412c4e40cdbaed9335e4c35a9e
54fadb412c4e40cdbaed9335e4c35a9e
54fadb412c4e40cdbaed9335e4c35a9e
54fadb412c4e40cdbaed9335e4c35a9e
54fadb412c4e40cdbaed9335e4c35a9e
54fadb412c4e40cdbaed9335e4c35a9e
54fadb412c4e40cdbaed9335e4c35a9e
54fadb412c4e40cdbaed9335e4c35a9e
54fadb412c4e40cdbaed9335e4c35a9e

54fadb412c4e40cdbaed9335e4c35a9e


54fadb412c4e40cdbaed9335e4c35a9e



54fadb412c4e40cdbaed9335e4c35a9e
54fadb412c4e40cdbaed9335e4c35a9e
54fadb412c4e40cdbaed9335e4c35a9e
54fadb412c4e40cdbaed9335e4c35a9e
54fadb412c4e40cdbaed9335e4c35a9e
54fadb412c4e40cdbaed9335e4c35a9e
54fadb412c4e40cdbaed9335e4c35a9e


e9746973ac574c6b8a9e8857f56a7608
e9746973ac574c6b8a9e8857f56a7608


54fadb412c4e40cdbaed9335e4c35a9e
54fadb412c4e40cdbaed9335e4c35a9e



54fadb412c4e40cdbaed9335e4c35a9e
54fadb412c4e40cdbaed9335e4c35a9e
54fadb412c4e40cdbaed9335e4c35a9e















54fadb412c4e40cdbaed9335e4c35a9e
54fadb412c4e40cdbaed9335e4c35a9e


54fadb412c4e40cdbaed9335e4c35a9e
54fadb412c4e40cdbaed9335e4c35a9e
54fadb412c4e40cdbaed9335e4c35a9e
54fadb412c4e40cdbaed9335e4c35a9e
54fadb412c4e40cdbaed9335e4c35a9e
54fadb412c4e40cdbaed9335e4c35a9e



54fadb412c4e40cdbaed9335e4c35a9e
e9746973ac574c6b8a9e8857f56a7608
e9746973ac574c6b8a9e8857f56a7608







54fadb412c4e40cdbaed9335e4c35a9e
54fadb412c4e40cdbaed9335e4c35a9e
54fadb412c4e40cdbaed9335e4c35a9e
54fadb412c4e40cdbaed9335e4c35a9e
54fadb412c4e40cdbaed9335e4c35a9e
54fadb412c4e40cdbaed9335e4c35a9e
54fadb412c4e40cdbaed9335e4c35a9e
54fadb412c4e40cdbaed9335e4c35a9e
54fadb412c4e40cdbaed9335e4c35a9e
54fadb412c4e40cdbaed9335e4c35a9e
54fadb412c4e40cdbaed9335e4c35a9e
54fadb412c4e40cdbaed9335e4c35a9e
54fadb412c4e40cdbaed9335e4c35a9e
54fadb412c4e40cdbaed9335e4c35a9e
54fadb412c4e40cdbaed9335e4c35a9e

54fadb412c4e40cdbaed9335e4c35a9e
54fadb412c4e40cdbaed9335e4c35a9e
54fadb412c4e40cdbaed9335e4c35a9e
54fadb412c4e40cdbaed9335e4c35a9e
54fadb412c4e40cdbaed9335e4c35a9e
54fadb412c4e40cdbaed9335e4c35a9e
54fadb412c4e40cdbaed9335e4c35a9e
54fadb412c4e40cdbaed9335e4c35a9e
54fadb412c4e40cdbaed9335e4c35a9e
54fadb412c4e40cdbaed9335e4c35a9e
54fadb412c4e40cdbaed9335e4c35a9e
54fadb412c4e40cdbaed9335e4c35a9e
54fadb412c4e40cdbaed9335e4c35a9e
54fadb412c4e40cdbaed9335e4c35a9e





54fadb412c4e40cdbaed9335e4c35a9e

54fadb412c4e40cdbaed9335e4c35a9e
54fadb412c4e40cdbaed9335e4c35a9e
54fadb412c4e40cdbaed9335e4c35a9e
54fadb412c4e40cdbaed9335e4c35a9e
54fadb412c4e40cdbaed9335e4c35a9e



54fadb412c4e40cdbaed9335e4c35a9e
54fadb412c4e40cdbaed9335e4c35a9e
e9746973ac574c6b8a9e8857f56a7608
e9746973ac574c6b8a9e8857f56a7608


54fadb412c4e40cdbaed9335e4c35a9e


54fadb412c4e40cdbaed9335e4c35a9e
54fadb412c4e40cdbaed9335e4c35a9e
54fadb412c4e40cdbaed9335e4c35a9e






54fadb412c4e40cdbaed9335e4c35a9e
54fadb412c4e40cdbaed9335e4c35a9e


54fadb412c4e40cdbaed9335e4c35a9e
54fadb412c4e40cdbaed9335e4c35a9e
54fadb412c4e40cdbaed9335e4c35a9e
54fadb412c4e40cdbaed9335e4c35a9e



54fadb412c4e40cdbaed9335e4c35a9e
54fadb412c4e40cdbaed9335e4c35a9e
54fadb412c4e40cdbaed9335e4c35a9e
e9746973ac574c6b8a9e8857f56a7608
e9746973ac574c6b8a9e8857f56a7608



54fadb412c4e40cdbaed9335e4c35a9e
54fadb412c4e40cdbaed9335e4c35a9e
54fadb412c4e40cdbaed9335e4c35a9e
54fadb412c4e40cdbaed9335e4c35a9e
54fadb412c4e40cdbaed9335e4c35a9e
54fadb412c4e40cdbaed9335e4c35a9e
54fadb412c4e40cdbaed9335e4c35a9e
54fadb412c4e40cdbaed9335e4c35a9e
54fadb412c4e40cdbaed9335e4c35a9e
54fadb412c4e40cdbaed9335e4c35a9e
54fadb412c4e40cdbaed9335e4c35a9e
54fadb412c4e40cdbaed9335e4c35a9e
54fadb412c4e40cdbaed9335e4c35a9e
54fadb412c4e40cdbaed9335e4c35a9e

54fadb412c4e40cdbaed9335e4c35a9e
54fadb412c4e40cdbaed9335e4c35a9e
54fadb412c4e40cdbaed9335e4c35a9e
54fadb412c4e40cdbaed9335e4c35a9e
54fadb412c4e40cdbaed9335e4c35a9e
54fadb412c4e40cdbaed9335e4c35a9e
54fadb412c4e40cdbaed9335e4c35a9e
54fadb412c4e40cdbaed9335e4c35a9e
54fadb412c4e40cdbaed9335e4c35a9e
54fadb412c4e40cdbaed9335e4c35a9e
54fadb412c4e40cdbaed9335e4c35a9e
54fadb412c4e40cdbaed9335e4c35a9e
54fadb412c4e40cdbaed9335e4c35a9e
54fadb412c4e40cdbaed9335e4c35a9e
54fadb412c4e40cdbaed9335e4c35a9e





54fadb412c4e40cdbaed9335e4c35a9e

54fadb412c4e40cdbaed9335e4c35a9e
54fadb412c4e40cdbaed9335e4c35a9e
54fadb412c4e40cdbaed9335e4c35a9e
54fadb412c4e40cdbaed9335e4c35a9e
54fadb412c4e40cdbaed9335e4c35a9e



54fadb412c4e40cdbaed9335e4c35a9e
54fadb412c4e40cdbaed9335e4c35a9e

54fadb412c4e40cdbaed9335e4c35a9e



54fadb412c4e40cdbaed9335e4c35a9e
e9746973ac574c6b8a9e8857f56a7608
e9746973ac574c6b8a9e8857f56a7608


54fadb412c4e40cdbaed9335e4c35a9e


54fadb412c4e40cdbaed9335e4c35a9e
54fadb412c4e40cdbaed9335e4c35a9e
54fadb412c4e40cdbaed9335e4c35a9e










54fadb412c4e40cdbaed9335e4c35a9e

54fadb412c4e40cdbaed9335e4c35a9e

54fadb412c4e40cdbaed9335e4c35a9e

54fadb412c4e40cdbaed9335e4c35a9e
54fadb412c4e40cdbaed9335e4c35a9e
54fadb412c4e40cdbaed9335e4c35a9e
54fadb412c4e40cdbaed9335e4c35a9e
54fadb412c4e40cdbaed9335e4c35a9e
54fadb412c4e40cdbaed9335e4c35a9e
e9746973ac574c6b8a9e8857f56a7608
e9746973ac574c6b8a9e8857f56a7608






54fadb412c4e40cdbaed9335e4c35a9e
54fadb412c4e40cdbaed9335e4c35a9e
54fadb412c4e40cdbaed9335e4c35a9e
54fadb412c4e40cdbaed9335e4c35a9e
54fadb412c4e40cdbaed9335e4c35a9e
54fadb412c4e40cdbaed9335e4c35a9e
54fadb412c4e40cdbaed9335e4c35a9e
54fadb412c4e40cdbaed9335e4c35a9e
54fadb412c4e40cdbaed9335e4c35a9e
54fadb412c4e40cdbaed9335e4c35a9e
54fadb412c4e40cdbaed9335e4c35a9e
54fadb412c4e40cdbaed9335e4c35a9e
54fadb412c4e40cdbaed9335e4c35a9e
54fadb412c4e40cdbaed9335e4c35a9e
54fadb412c4e40cdbaed9335e4c35a9e

54fadb412c4e40cdbaed9335e4c35a9e
54fadb412c4e40cdbaed9335e4c35a9e
54fadb412c4e40cdbaed9335e4c35a9e
54fadb412c4e40cdbaed9335e4c35a9e
54fadb412c4e40cdbaed9335e4c35a9e
54fadb412c4e40cdbaed9335e4c35a9e
54fadb412c4e40cdbaed9335e4c35a9e
54fadb412c4e40cdbaed9335e4c35a9e
54fadb412c4e40cdbaed9335e4c35a9e
54fadb412c4e40cdbaed9335e4c35a9e


54fadb412c4e40cdbaed9335e4c35a9e

54fadb412c4e40cdbaed9335e4c35a9e
54fadb412c4e40cdbaed9335e4c35a9e
54fadb412c4e40cdbaed9335e4c35a9e



54fadb412c4e40cdbaed9335e4c35a9e
54fadb412c4e40cdbaed9335e4c35a9e
54fadb412c4e40cdbaed9335e4c35a9e
54fadb412c4e40cdbaed9335e4c35a9e



54fadb412c4e40cdbaed9335e4c35a9e
54fadb412c4e40cdbaed9335e4c35a9e
54fadb412c4e40cdbaed9335e4c35a9e
54fadb412c4e40cdbaed9335e4c35a9e
e9746973ac574c6b8a9e8857f56a7608

54fadb412c4e40cdbaed9335e4c35a9e
54fadb412c4e40cdbaed9335e4c35a9e
e9746973ac574c6b8a9e8857f56a7608
e9746973ac574c6b8a9e8857f56a7608


54fadb412c4e40cdbaed9335e4c35a9e




54fadb412c4e40cdbaed9335e4c35a9e

54fadb412c4e40cdbaed9335e4c35a9e
54fadb412c4e40cdbaed9335e4c35a9e













54fadb412c4e40cdbaed9335e4c35a9e
54fadb412c4e40cdbaed9335e4c35a9e


54fadb412c4e40cdbaed9335e4c35a9e
54fadb412c4e40cdbaed9335e4c35a9e
54fadb412c4e40cdbaed9335e4c35a9e
54fadb412c4e40cdbaed9335e4c35a9e
54fadb412c4e40cdbaed9335e4c35a9e
54fadb412c4e40cdbaed9335e4c35a9e



54fadb412c4e40cdbaed9335e4c35a9e
e9746973ac574c6b8a9e8857f56a7608
e9746973ac574c6b8a9e8857f56a7608
e9746973ac574c6b8a9e8857f56a7608
e9746973ac574c6b8a9e8857f56a7608
e9746973ac574c6b8a9e8857f56a7608




54fadb412c4e40cdbaed9335e4c35a9e
54fadb412c4e40cdbaed9335e4c35a9e
54fadb412c4e40cdbaed9335e4c35a9e
54fadb412c4e40cdbaed9335e4c35a9e
54fadb412c4e40cdbaed9335e4c35a9e
54fadb412c4e40cdbaed9335e4c35a9e
54fadb412c4e40cdbaed9335e4c35a9e
54fadb412c4e40cdbaed9335e4c35a9e
54fadb412c4e40cdbaed9335e4c35a9e
54fadb412c4e40cdbaed9335e4c35a9e
54fadb412c4e40cdbaed9335e4c35a9e
54fadb412c4e40cdbaed9335e4c35a9e
54fadb412c4e40cdbaed9335e4c35a9e
54fadb412c4e40cdbaed9335e4c35a9e

54fadb412c4e40cdbaed9335e4c35a9e
54fadb412c4e40cdbaed9335e4c35a9e
54fadb412c4e40cdbaed9335e4c35a9e
54fadb412c4e40cdbaed9335e4c35a9e
54fadb412c4e40cdbaed9335e4c35a9e
54fadb412c4e40cdbaed9335e4c35a9e
54fadb412c4e40cdbaed9335e4c35a9e
54fadb412c4e40cdbaed9335e4c35a9e
54fadb412c4e40cdbaed9335e4c35a9e
54fadb412c4e40cdbaed9335e4c35a9e
54fadb412c4e40cdbaed9335e4c35a9e
54fadb412c4e40cdbaed9335e4c35a9e
54fadb412c4e40cdbaed9335e4c35a9e
54fadb412c4e40cdbaed9335e4c35a9e
54fadb412c4e40cdbaed9335e4c35a9e





54fadb412c4e40cdbaed9335e4c35a9e

54fadb412c4e40cdbaed9335e4c35a9e
54fadb412c4e40cdbaed9335e4c35a9e
54fadb412c4e40cdbaed9335e4c35a9e
54fadb412c4e40cdbaed9335e4c35a9e
54fadb412c4e40cdbaed9335e4c35a9e
54fadb412c4e40cdbaed9335e4c35a9e



54fadb412c4e40cdbaed9335e4c35a9e
e9746973ac574c6b8a9e8857f56a7608
e9746973ac574c6b8a9e8857f56a7608


54fadb412c4e40cdbaed9335e4c35a9e


54fadb412c4e40cdbaed9335e4c35a9e
54fadb412c4e40cdbaed9335e4c35a9e
54fadb412c4e40cdbaed9335e4c35a9e








54fadb412c4e40cdbaed9335e4c35a9e
54fadb412c4e40cdbaed9335e4c35a9e


54fadb412c4e40cdbaed9335e4c35a9e

54fadb412c4e40cdbaed9335e4c35a9e
54fadb412c4e40cdbaed9335e4c35a9e
54fadb412c4e40cdbaed9335e4c35a9e
54fadb412c4e40cdbaed9335e4c35a9e
54fadb412c4e40cdbaed9335e4c35a9e



54fadb412c4e40cdbaed9335e4c35a9e
e9746973ac574c6b8a9e8857f56a7608
e9746973ac574c6b8a9e8857f56a7608



54fadb412c4e40cdbaed9335e4c35a9e
54fadb412c4e40cdbaed9335e4c35a9e
54fadb412c4e40cdbaed9335e4c35a9e
54fadb412c4e40cdbaed9335e4c35a9e
54fadb412c4e40cdbaed9335e4c35a9e
54fadb412c4e40cdbaed9335e4c35a9e
54fadb412c4e40cdbaed9335e4c35a9e
54fadb412c4e40cdbaed9335e4c35a9e
54fadb412c4e40cdbaed9335e4c35a9e
54fadb412c4e40cdbaed9335e4c35a9e
54fadb412c4e40cdbaed9335e4c35a9e
54fadb412c4e40cdbaed9335e4c35a9e
54fadb412c4e40cdbaed9335e4c35a9e
54fadb412c4e40cdbaed9335e4c35a9e
54fadb412c4e40cdbaed9335e4c35a9e

54fadb412c4e40cdbaed9335e4c35a9e
54fadb412c4e40cdbaed9335e4c35a9e
54fadb412c4e40cdbaed9335e4c35a9e
54fadb412c4e40cdbaed9335e4c35a9e
54fadb412c4e40cdbaed9335e4c35a9e
54fadb412c4e40cdbaed9335e4c35a9e
54fadb412c4e40cdbaed9335e4c35a9e
54fadb412c4e40cdbaed9335e4c35a9e
54fadb412c4e40cdbaed9335e4c35a9e
54fadb412c4e40cdbaed9335e4c35a9e
54fadb412c4e40cdbaed9335e4c35a9e
54fadb412c4e40cdbaed9335e4c35a9e
54fadb412c4e40cdbaed9335e4c35a9e
54fadb412c4e40cdbaed9335e4c35a9e



54fadb412c4e40cdbaed9335e4c35a9e
54fadb412c4e40cdbaed9335e4c35a9e



54fadb412c4e40cdbaed9335e4c35a9e
54fadb412c4e40cdbaed9335e4c35a9e




54fadb412c4e40cdbaed9335e4c35a9e
54fadb412c4e40cdbaed9335e4c35a9e


54fadb412c4e40cdbaed9335e4c35a9e

54fadb412c4e40cdbaed9335e4c35a9e
54fadb412c4e40cdbaed9335e4c35a9e
54fadb412c4e40cdbaed9335e4c35a9e
e9746973ac574c6b8a9e8857f56a7608
e9746973ac574c6b8a9e8857f56a7608


54fadb412c4e40cdbaed9335e4c35a9e


54fadb412c4e40cdbaed9335e4c35a9e
54fadb412c4e40cdbaed9335e4c35a9e
54fadb412c4e40cdbaed9335e4c35a9e









54fadb412c4e40cdbaed9335e4c35a9e
54fadb412c4e40cdbaed9335e4c35a9e




54fadb412c4e40cdbaed9335e4c35a9e

54fadb412c4e40cdbaed9335e4c35a9e
54fadb412c4e40cdbaed9335e4c35a9e
54fadb412c4e40cdbaed9335e4c35a9e
54fadb412c4e40cdbaed9335e4c35a9e
54fadb412c4e40cdbaed9335e4c35a9e
54fadb412c4e40cdbaed9335e4c35a9e
e9746973ac574c6b8a9e8857f56a7608
e9746973ac574c6b8a9e8857f56a7608



54fadb412c4e40cdbaed9335e4c35a9e
54fadb412c4e40cdbaed9335e4c35a9e
54fadb412c4e40cdbaed9335e4c35a9e
54fadb412c4e40cdbaed9335e4c35a9e
54fadb412c4e40cdbaed9335e4c35a9e
54fadb412c4e40cdbaed9335e4c35a9e
54fadb412c4e40cdbaed9335e4c35a9e
54fadb412c4e40cdbaed9335e4c35a9e
54fadb412c4e40cdbaed9335e4c35a9e
54fadb412c4e40cdbaed9335e4c35a9e
54fadb412c4e40cdbaed9335e4c35a9e
54fadb412c4e40cdbaed9335e4c35a9e
54fadb412c4e40cdbaed9335e4c35a9e
54fadb412c4e40cdbaed9335e4c35a9e
54fadb412c4e40cdbaed9335e4c35a9e

54fadb412c4e40cdbaed9335e4c35a9e
54fadb412c4e40cdbaed9335e4c35a9e
54fadb412c4e40cdbaed9335e4c35a9e
54fadb412c4e40cdbaed9335e4c35a9e
54fadb412c4e40cdbaed9335e4c35a9e
54fadb412c4e40cdbaed9335e4c35a9e
54fadb412c4e40cdbaed9335e4c35a9e
54fadb412c4e40cdbaed9335e4c35a9e
54fadb412c4e40cdbaed9335e4c35a9e
54fadb412c4e40cdbaed9335e4c35a9e
54fadb412c4e40cdbaed9335e4c35a9e
54fadb412c4e40cdbaed9335e4c35a9e



54fadb412c4e40cdbaed9335e4c35a9e
54fadb412c4e40cdbaed9335e4c35a9e



54fadb412c4e40cdbaed9335e4c35a9e
54fadb412c4e40cdbaed9335e4c35a9e
54fadb412c4e40cdbaed9335e4c35a9e
54fadb412c4e40cdbaed9335e4c35a9e



54fadb412c4e40cdbaed9335e4c35a9e

54fadb412c4e40cdbaed9335e4c35a9e
54fadb412c4e40cdbaed9335e4c35a9e
54fadb412c4e40cdbaed9335e4c35a9e
54fadb412c4e40cdbaed9335e4c35a9e
54fadb412c4e40cdbaed9335e4c35a9e
e9746973ac574c6b8a9e8857f56a7608
e9746973ac574c6b8a9e8857f56a7608


54fadb412c4e40cdbaed9335e4c35a9e


54fadb412c4e40cdbaed9335e4c35a9e
54fadb412c4e40cdbaed9335e4c35a9e



54fadb412c4e40cdbaed9335e4c35a9e





















54fadb412c4e40cdbaed9335e4c35a9e

54fadb412c4e40cdbaed9335e4c35a9e


54fadb412c4e40cdbaed9335e4c35a9e

54fadb412c4e40cdbaed9335e4c35a9e
54fadb412c4e40cdbaed9335e4c35a9e
54fadb412c4e40cdbaed9335e4c35a9e
54fadb412c4e40cdbaed9335e4c35a9e
54fadb412c4e40cdbaed9335e4c35a9e
54fadb412c4e40cdbaed9335e4c35a9e
e9746973ac574c6b8a9e8857f56a7608
e9746973ac574c6b8a9e8857f56a7608







54fadb412c4e40cdbaed9335e4c35a9e
54fadb412c4e40cdbaed9335e4c35a9e
54fadb412c4e40cdbaed9335e4c35a9e
54fadb412c4e40cdbaed9335e4c35a9e
54fadb412c4e40cdbaed9335e4c35a9e
54fadb412c4e40cdbaed9335e4c35a9e
54fadb412c4e40cdbaed9335e4c35a9e
54fadb412c4e40cdbaed9335e4c35a9e
54fadb412c4e40cdbaed9335e4c35a9e
54fadb412c4e40cdbaed9335e4c35a9e
54fadb412c4e40cdbaed9335e4c35a9e
54fadb412c4e40cdbaed9335e4c35a9e
54fadb412c4e40cdbaed9335e4c35a9e
54fadb412c4e40cdbaed9335e4c35a9e
54fadb412c4e40cdbaed9335e4c35a9e

54fadb412c4e40cdbaed9335e4c35a9e
54fadb412c4e40cdbaed9335e4c35a9e
54fadb412c4e40cdbaed9335e4c35a9e
54fadb412c4e40cdbaed9335e4c35a9e
54fadb412c4e40cdbaed9335e4c35a9e
54fadb412c4e40cdbaed9335e4c35a9e
54fadb412c4e40cdbaed9335e4c35a9e
54fadb412c4e40cdbaed9335e4c35a9e
54fadb412c4e40cdbaed9335e4c35a9e
54fadb412c4e40cdbaed9335e4c35a9e
54fadb412c4e40cdbaed9335e4c35a9e
54fadb412c4e40cdbaed9335e4c35a9e
54fadb412c4e40cdbaed9335e4c35a9e
54fadb412c4e40cdbaed9335e4c35a9e
54fadb412c4e40cdbaed9335e4c35a9e
54fadb412c4e40cdbaed9335e4c35a9e






54fadb412c4e40cdbaed9335e4c35a9e
54fadb412c4e40cdbaed9335e4c35a9e
54fadb412c4e40cdbaed9335e4c35a9e
54fadb412c4e40cdbaed9335e4c35a9e
54fadb412c4e40cdbaed9335e4c35a9e
54fadb412c4e40cdbaed9335e4c35a9e
e9746973ac574c6b8a9e8857f56a7608
e9746973ac574c6b8a9e8857f56a7608


54fadb412c4e40cdbaed9335e4c35a9e


54fadb412c4e40cdbaed9335e4c35a9e

54fadb412c4e40cdbaed9335e4c35a9e

54fadb412c4e40cdbaed9335e4c35a9e
54fadb412c4e40cdbaed9335e4c35a9e
54fadb412c4e40cdbaed9335e4c35a9e












54fadb412c4e40cdbaed9335e4c35a9e
54fadb412c4e40cdbaed9335e4c35a9e

54fadb412c4e40cdbaed9335e4c35a9e

54fadb412c4e40cdbaed9335e4c35a9e
54fadb412c4e40cdbaed9335e4c35a9e
54fadb412c4e40cdbaed9335e4c35a9e
54fadb412c4e40cdbaed9335e4c35a9e
54fadb412c4e40cdbaed9335e4c35a9e



54fadb412c4e40cdbaed9335e4c35a9e
e9746973ac574c6b8a9e8857f56a7608
e9746973ac574c6b8a9e8857f56a7608
54fadb412c4e40cdbaed9335e4c35a9e
54fadb412c4e40cdbaed9335e4c35a9e
54fadb412c4e40cdbaed9335e4c35a9e
54fadb412c4e40cdbaed9335e4c35a9e
54fadb412c4e40cdbaed9335e4c35a9e
54fadb412c4e40cdbaed9335e4c35a9e
54fadb412c4e40cdbaed9335e4c35a9e
54fadb412c4e40cdbaed9335e4c35a9e
54fadb412c4e40cdbaed9335e4c35a9e
54fadb412c4e40cdbaed9335e4c35a9e
54fadb412c4e40cdbaed9335e4c35a9e
54fadb412c4e40cdbaed9335e4c35a9e
54fadb412c4e40cdbaed9335e4c35a9e
54fadb412c4e40cdbaed9335e4c35a9e

54fadb412c4e40cdbaed9335e4c35a9e
54fadb412c4e40cdbaed9335e4c35a9e
54fadb412c4e40cdbaed9335e4c35a9e
54fadb412c4e40cdbaed9335e4c35a9e
54fadb412c4e40cdbaed9335e4c35a9e
54fadb412c4e40cdbaed9335e4c35a9e
54fadb412c4e40cdbaed9335e4c35a9e
54fadb412c4e40cdbaed9335e4c35a9e
54fadb412c4e40cdbaed9335e4c35a9e
54fadb412c4e40cdbaed9335e4c35a9e
54fadb412c4e40cdbaed9335e4c35a9e
54fadb412c4e40cdbaed9335e4c35a9e
54fadb412c4e40cdbaed9335e4c35a9e




54fadb412c4e40cdbaed9335e4c35a9e
54fadb412c4e40cdbaed9335e4c35a9e






54fadb412c4e40cdbaed9335e4c35a9e
54fadb412c4e40cdbaed9335e4c35a9e
54fadb412c4e40cdbaed9335e4c35a9e
54fadb412c4e40cdbaed9335e4c35a9e
54fadb412c4e40cdbaed9335e4c35a9e
54fadb412c4e40cdbaed9335e4c35a9e



54fadb412c4e40cdbaed9335e4c35a9e
54fadb412c4e40cdbaed9335e4c35a9e
e9746973ac574c6b8a9e8857f56a7608
e9746973ac574c6b8a9e8857f56a7608


54fadb412c4e40cdbaed9335e4c35a9e


54fadb412c4e40cdbaed9335e4c35a9e
54fadb412c4e40cdbaed9335e4c35a9e
54fadb412c4e40cdbaed9335e4c35a9e







54fadb412c4e40cdbaed9335e4c35a9e
54fadb412c4e40cdbaed9335e4c35a9e


54fadb412c4e40cdbaed9335e4c35a9e
54fadb412c4e40cdbaed9335e4c35a9e
54fadb412c4e40cdbaed9335e4c35a9e
54fadb412c4e40cdbaed9335e4c35a9e



54fadb412c4e40cdbaed9335e4c35a9e
54fadb412c4e40cdbaed9335e4c35a9e
54fadb412c4e40cdbaed9335e4c35a9e
e9746973ac574c6b8a9e8857f56a7608
e9746973ac574c6b8a9e8857f56a7608



54fadb412c4e40cdbaed9335e4c35a9e
54fadb412c4e40cdbaed9335e4c35a9e
54fadb412c4e40cdbaed9335e4c35a9e
54fadb412c4e40cdbaed9335e4c35a9e
54fadb412c4e40cdbaed9335e4c35a9e
54fadb412c4e40cdbaed9335e4c35a9e
54fadb412c4e40cdbaed9335e4c35a9e
54fadb412c4e40cdbaed9335e4c35a9e
54fadb412c4e40cdbaed9335e4c35a9e
54fadb412c4e40cdbaed9335e4c35a9e
54fadb412c4e40cdbaed9335e4c35a9e
54fadb412c4e40cdbaed9335e4c35a9e
54fadb412c4e40cdbaed9335e4c35a9e
54fadb412c4e40cdbaed9335e4c35a9e

54fadb412c4e40cdbaed9335e4c35a9e
54fadb412c4e40cdbaed9335e4c35a9e
54fadb412c4e40cdbaed9335e4c35a9e
54fadb412c4e40cdbaed9335e4c35a9e
54fadb412c4e40cdbaed9335e4c35a9e
54fadb412c4e40cdbaed9335e4c35a9e
54fadb412c4e40cdbaed9335e4c35a9e
54fadb412c4e40cdbaed9335e4c35a9e
54fadb412c4e40cdbaed9335e4c35a9e
54fadb412c4e40cdbaed9335e4c35a9e
54fadb412c4e40cdbaed9335e4c35a9e
54fadb412c4e40cdbaed9335e4c35a9e
54fadb412c4e40cdbaed9335e4c35a9e
54fadb412c4e40cdbaed9335e4c35a9e
54fadb412c4e40cdbaed9335e4c35a9e






54fadb412c4e40cdbaed9335e4c35a9e
54fadb412c4e40cdbaed9335e4c35a9e
54fadb412c4e40cdbaed9335e4c35a9e
54fadb412c4e40cdbaed9335e4c35a9e

54fadb412c4e40cdbaed9335e4c35a9e
54fadb412c4e40cdbaed9335e4c35a9e



54fadb412c4e40cdbaed9335e4c35a9e
54fadb412c4e40cdbaed9335e4c35a9e
54fadb412c4e40cdbaed9335e4c35a9e
e9746973ac574c6b8a9e8857f56a7608
e9746973ac574c6b8a9e8857f56a7608

54fadb412c4e40cdbaed9335e4c35a9e

54fadb412c4e40cdbaed9335e4c35a9e


54fadb412c4e40cdbaed9335e4c35a9e
54fadb412c4e40cdbaed9335e4c35a9e
54fadb412c4e40cdbaed9335e4c35a9e




















54fadb412c4e40cdbaed9335e4c35a9e
54fadb412c4e40cdbaed9335e4c35a9e


54fadb412c4e40cdbaed9335e4c35a9e
54fadb412c4e40cdbaed9335e4c35a9e
54fadb412c4e40cdbaed9335e4c35a9e
54fadb412c4e40cdbaed9335e4c35a9e
54fadb412c4e40cdbaed9335e4c35a9e
54fadb412c4e40cdbaed9335e4c35a9e
54fadb412c4e40cdbaed9335e4c35a9e
e9746973ac574c6b8a9e8857f56a7608
e9746973ac574c6b8a9e8857f56a7608










54fadb412c4e40cdbaed9335e4c35a9e
54fadb412c4e40cdbaed9335e4c35a9e
54fadb412c4e40cdbaed9335e4c35a9e
54fadb412c4e40cdbaed9335e4c35a9e
54fadb412c4e40cdbaed9335e4c35a9e
54fadb412c4e40cdbaed9335e4c35a9e
54fadb412c4e40cdbaed9335e4c35a9e
54fadb412c4e40cdbaed9335e4c35a9e
54fadb412c4e40cdbaed9335e4c35a9e
54fadb412c4e40cdbaed9335e4c35a9e
54fadb412c4e40cdbaed9335e4c35a9e
54fadb412c4e40cdbaed9335e4c35a9e
54fadb412c4e40cdbaed9335e4c35a9e
54fadb412c4e40cdbaed9335e4c35a9e

54fadb412c4e40cdbaed9335e4c35a9e
54fadb412c4e40cdbaed9335e4c35a9e
54fadb412c4e40cdbaed9335e4c35a9e
54fadb412c4e40cdbaed9335e4c35a9e
54fadb412c4e40cdbaed9335e4c35a9e
54fadb412c4e40cdbaed9335e4c35a9e
54fadb412c4e40cdbaed9335e4c35a9e
54fadb412c4e40cdbaed9335e4c35a9e
54fadb412c4e40cdbaed9335e4c35a9e
54fadb412c4e40cdbaed9335e4c35a9e
54fadb412c4e40cdbaed9335e4c35a9e
54fadb412c4e40cdbaed9335e4c35a9e



54fadb412c4e40cdbaed9335e4c35a9e
54fadb412c4e40cdbaed9335e4c35a9e

54fadb412c4e40cdbaed9335e4c35a9e

54fadb412c4e40cdbaed9335e4c35a9e


54fadb412c4e40cdbaed9335e4c35a9e
54fadb412c4e40cdbaed9335e4c35a9e


54fadb412c4e40cdbaed9335e4c35a9e

54fadb412c4e40cdbaed9335e4c35a9e
54fadb412c4e40cdbaed9335e4c35a9e
54fadb412c4e40cdbaed9335e4c35a9e
54fadb412c4e40cdbaed9335e4c35a9e
e9746973ac574c6b8a9e8857f56a7608
e9746973ac574c6b8a9e8857f56a7608


54fadb412c4e40cdbaed9335e4c35a9e


54fadb412c4e40cdbaed9335e4c35a9e

54fadb412c4e40cdbaed9335e4c35a9e
54fadb412c4e40cdbaed9335e4c35a9e



54fadb412c4e40cdbaed9335e4c35a9e
54fadb412c4e40cdbaed9335e4c35a9e















54fadb412c4e40cdbaed9335e4c35a9e
54fadb412c4e40cdbaed9335e4c35a9e


54fadb412c4e40cdbaed9335e4c35a9e
54fadb412c4e40cdbaed9335e4c35a9e
54fadb412c4e40cdbaed9335e4c35a9e
54fadb412c4e40cdbaed9335e4c35a9e
54fadb412c4e40cdbaed9335e4c35a9e
54fadb412c4e40cdbaed9335e4c35a9e
54fadb412c4e40cdbaed9335e4c35a9e



e9746973ac574c6b8a9e8857f56a7608
e9746973ac574c6b8a9e8857f56a7608
54fadb412c4e40cdbaed9335e4c35a9e
54fadb412c4e40cdbaed9335e4c35a9e
54fadb412c4e40cdbaed9335e4c35a9e
54fadb412c4e40cdbaed9335e4c35a9e
54fadb412c4e40cdbaed9335e4c35a9e
54fadb412c4e40cdbaed9335e4c35a9e
54fadb412c4e40cdbaed9335e4c35a9e
54fadb412c4e40cdbaed9335e4c35a9e
54fadb412c4e40cdbaed9335e4c35a9e
54fadb412c4e40cdbaed9335e4c35a9e
54fadb412c4e40cdbaed9335e4c35a9e
54fadb412c4e40cdbaed9335e4c35a9e
54fadb412c4e40cdbaed9335e4c35a9e
54fadb412c4e40cdbaed9335e4c35a9e
54fadb412c4e40cdbaed9335e4c35a9e

54fadb412c4e40cdbaed9335e4c35a9e
54fadb412c4e40cdbaed9335e4c35a9e
54fadb412c4e40cdbaed9335e4c35a9e
54fadb412c4e40cdbaed9335e4c35a9e
54fadb412c4e40cdbaed9335e4c35a9e
54fadb412c4e40cdbaed9335e4c35a9e
54fadb412c4e40cdbaed9335e4c35a9e
54fadb412c4e40cdbaed9335e4c35a9e
54fadb412c4e40cdbaed9335e4c35a9e
54fadb412c4e40cdbaed9335e4c35a9e




54fadb412c4e40cdbaed9335e4c35a9e
54fadb412c4e40cdbaed9335e4c35a9e
54fadb412c4e40cdbaed9335e4c35a9e
54fadb412c4e40cdbaed9335e4c35a9e



54fadb412c4e40cdbaed9335e4c35a9e


54fadb412c4e40cdbaed9335e4c35a9e

54fadb412c4e40cdbaed9335e4c35a9e
54fadb412c4e40cdbaed9335e4c35a9e
54fadb412c4e40cdbaed9335e4c35a9e
54fadb412c4e40cdbaed9335e4c35a9e
54fadb412c4e40cdbaed9335e4c35a9e
54fadb412c4e40cdbaed9335e4c35a9e



e9746973ac574c6b8a9e8857f56a7608
e9746973ac574c6b8a9e8857f56a7608


54fadb412c4e40cdbaed9335e4c35a9e


54fadb412c4e40cdbaed9335e4c35a9e
54fadb412c4e40cdbaed9335e4c35a9e
54fadb412c4e40cdbaed9335e4c35a9e










54fadb412c4e40cdbaed9335e4c35a9e
54fadb412c4e40cdbaed9335e4c35a9e


54fadb412c4e40cdbaed9335e4c35a9e
54fadb412c4e40cdbaed9335e4c35a9e
54fadb412c4e40cdbaed9335e4c35a9e
54fadb412c4e40cdbaed9335e4c35a9e
54fadb412c4e40cdbaed9335e4c35a9e
54fadb412c4e40cdbaed9335e4c35a9e



54fadb412c4e40cdbaed9335e4c35a9e
e9746973ac574c6b8a9e8857f56a7608
e9746973ac574c6b8a9e8857f56a7608
54fadb412c4e40cdbaed9335e4c35a9e
54fadb412c4e40cdbaed9335e4c35a9e
54fadb412c4e40cdbaed9335e4c35a9e
54fadb412c4e40cdbaed9335e4c35a9e
54fadb412c4e40cdbaed9335e4c35a9e
54fadb412c4e40cdbaed9335e4c35a9e
54fadb412c4e40cdbaed9335e4c35a9e
54fadb412c4e40cdbaed9335e4c35a9e
54fadb412c4e40cdbaed9335e4c35a9e
54fadb412c4e40cdbaed9335e4c35a9e
54fadb412c4e40cdbaed9335e4c35a9e
54fadb412c4e40cdbaed9335e4c35a9e
54fadb412c4e40cdbaed9335e4c35a9e
54fadb412c4e40cdbaed9335e4c35a9e
54fadb412c4e40cdbaed9335e4c35a9e

54fadb412c4e40cdbaed9335e4c35a9e
54fadb412c4e40cdbaed9335e4c35a9e
54fadb412c4e40cdbaed9335e4c35a9e
54fadb412c4e40cdbaed9335e4c35a9e
54fadb412c4e40cdbaed9335e4c35a9e
54fadb412c4e40cdbaed9335e4c35a9e
54fadb412c4e40cdbaed9335e4c35a9e
54fadb412c4e40cdbaed9335e4c35a9e
54fadb412c4e40cdbaed9335e4c35a9e
54fadb412c4e40cdbaed9335e4c35a9e
54fadb412c4e40cdbaed9335e4c35a9e
54fadb412c4e40cdbaed9335e4c35a9e
54fadb412c4e40cdbaed9335e4c35a9e
54fadb412c4e40cdbaed9335e4c35a9e






54fadb412c4e40cdbaed9335e4c35a9e

54fadb412c4e40cdbaed9335e4c35a9e
54fadb412c4e40cdbaed9335e4c35a9e
54fadb412c4e40cdbaed9335e4c35a9e
54fadb412c4e40cdbaed9335e4c35a9e
54fadb412c4e40cdbaed9335e4c35a9e
54fadb412c4e40cdbaed9335e4c35a9e


54fadb412c4e40cdbaed9335e4c35a9e

54fadb412c4e40cdbaed9335e4c35a9e
54fadb412c4e40cdbaed9335e4c35a9e
e9746973ac574c6b8a9e8857f56a7608
e9746973ac574c6b8a9e8857f56a7608


54fadb412c4e40cdbaed9335e4c35a9e
54fadb412c4e40cdbaed9335e4c35a9e

54fadb412c4e40cdbaed9335e4c35a9e
54fadb412c4e40cdbaed9335e4c35a9e









54fadb412c4e40cdbaed9335e4c35a9e
54fadb412c4e40cdbaed9335e4c35a9e


54fadb412c4e40cdbaed9335e4c35a9e
54fadb412c4e40cdbaed9335e4c35a9e
54fadb412c4e40cdbaed9335e4c35a9e


54fadb412c4e40cdbaed9335e4c35a9e

54fadb412c4e40cdbaed9335e4c35a9e
54fadb412c4e40cdbaed9335e4c35a9e
54fadb412c4e40cdbaed9335e4c35a9e

e9746973ac574c6b8a9e8857f56a7608
e9746973ac574c6b8a9e8857f56a7608









54fadb412c4e40cdbaed9335e4c35a9e
54fadb412c4e40cdbaed9335e4c35a9e
54fadb412c4e40cdbaed9335e4c35a9e
54fadb412c4e40cdbaed9335e4c35a9e
54fadb412c4e40cdbaed9335e4c35a9e
54fadb412c4e40cdbaed9335e4c35a9e
54fadb412c4e40cdbaed9335e4c35a9e
54fadb412c4e40cdbaed9335e4c35a9e
54fadb412c4e40cdbaed9335e4c35a9e
54fadb412c4e40cdbaed9335e4c35a9e
54fadb412c4e40cdbaed9335e4c35a9e
54fadb412c4e40cdbaed9335e4c35a9e
54fadb412c4e40cdbaed9335e4c35a9e
54fadb412c4e40cdbaed9335e4c35a9e

54fadb412c4e40cdbaed9335e4c35a9e
54fadb412c4e40cdbaed9335e4c35a9e
54fadb412c4e40cdbaed9335e4c35a9e
54fadb412c4e40cdbaed9335e4c35a9e
54fadb412c4e40cdbaed9335e4c35a9e
54fadb412c4e40cdbaed9335e4c35a9e
54fadb412c4e40cdbaed9335e4c35a9e
54fadb412c4e40cdbaed9335e4c35a9e
54fadb412c4e40cdbaed9335e4c35a9e
54fadb412c4e40cdbaed9335e4c35a9e
54fadb412c4e40cdbaed9335e4c35a9e
54fadb412c4e40cdbaed9335e4c35a9e
54fadb412c4e40cdbaed9335e4c35a9e



54fadb412c4e40cdbaed9335e4c35a9e
54fadb412c4e40cdbaed9335e4c35a9e



54fadb412c4e40cdbaed9335e4c35a9e
54fadb412c4e40cdbaed9335e4c35a9e
54fadb412c4e40cdbaed9335e4c35a9e
54fadb412c4e40cdbaed9335e4c35a9e
54fadb412c4e40cdbaed9335e4c35a9e



54fadb412c4e40cdbaed9335e4c35a9e
54fadb412c4e40cdbaed9335e4c35a9e
54fadb412c4e40cdbaed9335e4c35a9e
e9746973ac574c6b8a9e8857f56a7608
e9746973ac574c6b8a9e8857f56a7608
54fadb412c4e40cdbaed9335e4c35a9e


54fadb412c4e40cdbaed9335e4c35a9e


54fadb412c4e40cdbaed9335e4c35a9e
54fadb412c4e40cdbaed9335e4c35a9e
54fadb412c4e40cdbaed9335e4c35a9e


54fadb412c4e40cdbaed9335e4c35a9e





















54fadb412c4e40cdbaed9335e4c35a9e
54fadb412c4e40cdbaed9335e4c35a9e


54fadb412c4e40cdbaed9335e4c35a9e
54fadb412c4e40cdbaed9335e4c35a9e
54fadb412c4e40cdbaed9335e4c35a9e
54fadb412c4e40cdbaed9335e4c35a9e
54fadb412c4e40cdbaed9335e4c35a9e
54fadb412c4e40cdbaed9335e4c35a9e
54fadb412c4e40cdbaed9335e4c35a9e

e9746973ac574c6b8a9e8857f56a7608


e9746973ac574c6b8a9e8857f56a7608



54fadb412c4e40cdbaed9335e4c35a9e
54fadb412c4e40cdbaed9335e4c35a9e
54fadb412c4e40cdbaed9335e4c35a9e
54fadb412c4e40cdbaed9335e4c35a9e
54fadb412c4e40cdbaed9335e4c35a9e
54fadb412c4e40cdbaed9335e4c35a9e
54fadb412c4e40cdbaed9335e4c35a9e
54fadb412c4e40cdbaed9335e4c35a9e
54fadb412c4e40cdbaed9335e4c35a9e
54fadb412c4e40cdbaed9335e4c35a9e
54fadb412c4e40cdbaed9335e4c35a9e
54fadb412c4e40cdbaed9335e4c35a9e
54fadb412c4e40cdbaed9335e4c35a9e
54fadb412c4e40cdbaed9335e4c35a9e
54fadb412c4e40cdbaed9335e4c35a9e

54fadb412c4e40cdbaed9335e4c35a9e
54fadb412c4e40cdbaed9335e4c35a9e
54fadb412c4e40cdbaed9335e4c35a9e
54fadb412c4e40cdbaed9335e4c35a9e
54fadb412c4e40cdbaed9335e4c35a9e
54fadb412c4e40cdbaed9335e4c35a9e
54fadb412c4e40cdbaed9335e4c35a9e
54fadb412c4e40cdbaed9335e4c35a9e
54fadb412c4e40cdbaed9335e4c35a9e
54fadb412c4e40cdbaed9335e4c35a9e







54fadb412c4e40cdbaed9335e4c35a9e
54fadb412c4e40cdbaed9335e4c35a9e
54fadb412c4e40cdbaed9335e4c35a9e
54fadb412c4e40cdbaed9335e4c35a9e



54fadb412c4e40cdbaed9335e4c35a9e
54fadb412c4e40cdbaed9335e4c35a9e
54fadb412c4e40cdbaed9335e4c35a9e
54fadb412c4e40cdbaed9335e4c35a9e



54fadb412c4e40cdbaed9335e4c35a9e
54fadb412c4e40cdbaed9335e4c35a9e
54fadb412c4e40cdbaed9335e4c35a9e
54fadb412c4e40cdbaed9335e4c35a9e
e9746973ac574c6b8a9e8857f56a7608
e9746973ac574c6b8a9e8857f56a7608


54fadb412c4e40cdbaed9335e4c35a9e


54fadb412c4e40cdbaed9335e4c35a9e



54fadb412c4e40cdbaed9335e4c35a9e
54fadb412c4e40cdbaed9335e4c35a9e









54fadb412c4e40cdbaed9335e4c35a9e
54fadb412c4e40cdbaed9335e4c35a9e


54fadb412c4e40cdbaed9335e4c35a9e
54fadb412c4e40cdbaed9335e4c35a9e
54fadb412c4e40cdbaed9335e4c35a9e
54fadb412c4e40cdbaed9335e4c35a9e
54fadb412c4e40cdbaed9335e4c35a9e
54fadb412c4e40cdbaed9335e4c35a9e
54fadb412c4e40cdbaed9335e4c35a9e



e9746973ac574c6b8a9e8857f56a7608
e9746973ac574c6b8a9e8857f56a7608
54fadb412c4e40cdbaed9335e4c35a9e
54fadb412c4e40cdbaed9335e4c35a9e
54fadb412c4e40cdbaed9335e4c35a9e
54fadb412c4e40cdbaed9335e4c35a9e
54fadb412c4e40cdbaed9335e4c35a9e
54fadb412c4e40cdbaed9335e4c35a9e
54fadb412c4e40cdbaed9335e4c35a9e
54fadb412c4e40cdbaed9335e4c35a9e
54fadb412c4e40cdbaed9335e4c35a9e
54fadb412c4e40cdbaed9335e4c35a9e
54fadb412c4e40cdbaed9335e4c35a9e
54fadb412c4e40cdbaed9335e4c35a9e
54fadb412c4e40cdbaed9335e4c35a9e
54fadb412c4e40cdbaed9335e4c35a9e
54fadb412c4e40cdbaed9335e4c35a9e

54fadb412c4e40cdbaed9335e4c35a9e
54fadb412c4e40cdbaed9335e4c35a9e
54fadb412c4e40cdbaed9335e4c35a9e
54fadb412c4e40cdbaed9335e4c35a9e
54fadb412c4e40cdbaed9335e4c35a9e
54fadb412c4e40cdbaed9335e4c35a9e
54fadb412c4e40cdbaed9335e4c35a9e
54fadb412c4e40cdbaed9335e4c35a9e
54fadb412c4e40cdbaed9335e4c35a9e
54fadb412c4e40cdbaed9335e4c35a9e
54fadb412c4e40cdbaed9335e4c35a9e
54fadb412c4e40cdbaed9335e4c35a9e
54fadb412c4e40cdbaed9335e4c35a9e
54fadb412c4e40cdbaed9335e4c35a9e



54fadb412c4e40cdbaed9335e4c35a9e

54fadb412c4e40cdbaed9335e4c35a9e



54fadb412c4e40cdbaed9335e4c35a9e
54fadb412c4e40cdbaed9335e4c35a9e
54fadb412c4e40cdbaed9335e4c35a9e
54fadb412c4e40cdbaed9335e4c35a9e
54fadb412c4e40cdbaed9335e4c35a9e
54fadb412c4e40cdbaed9335e4c35a9e



54fadb412c4e40cdbaed9335e4c35a9e
54fadb412c4e40cdbaed9335e4c35a9e
e9746973ac574c6b8a9e8857f56a7608
e9746973ac574c6b8a9e8857f56a7608


54fadb412c4e40cdbaed9335e4c35a9e


54fadb412c4e40cdbaed9335e4c35a9e
54fadb412c4e40cdbaed9335e4c35a9e
54fadb412c4e40cdbaed9335e4c35a9e











54fadb412c4e40cdbaed9335e4c35a9e
54fadb412c4e40cdbaed9335e4c35a9e


54fadb412c4e40cdbaed9335e4c35a9e
54fadb412c4e40cdbaed9335e4c35a9e
54fadb412c4e40cdbaed9335e4c35a9e
54fadb412c4e40cdbaed9335e4c35a9e

54fadb412c4e40cdbaed9335e4c35a9e
54fadb412c4e40cdbaed9335e4c35a9e






54fadb412c4e40cdbaed9335e4c35a9e
e9746973ac574c6b8a9e8857f56a7608
e9746973ac574c6b8a9e8857f56a7608



54fadb412c4e40cdbaed9335e4c35a9e
54fadb412c4e40cdbaed9335e4c35a9e
54fadb412c4e40cdbaed9335e4c35a9e
54fadb412c4e40cdbaed9335e4c35a9e
54fadb412c4e40cdbaed9335e4c35a9e
54fadb412c4e40cdbaed9335e4c35a9e
54fadb412c4e40cdbaed9335e4c35a9e
54fadb412c4e40cdbaed9335e4c35a9e
54fadb412c4e40cdbaed9335e4c35a9e
54fadb412c4e40cdbaed9335e4c35a9e
54fadb412c4e40cdbaed9335e4c35a9e
54fadb412c4e40cdbaed9335e4c35a9e
54fadb412c4e40cdbaed9335e4c35a9e
54fadb412c4e40cdbaed9335e4c35a9e
54fadb412c4e40cdbaed9335e4c35a9e

54fadb412c4e40cdbaed9335e4c35a9e
54fadb412c4e40cdbaed9335e4c35a9e
54fadb412c4e40cdbaed9335e4c35a9e
54fadb412c4e40cdbaed9335e4c35a9e
54fadb412c4e40cdbaed9335e4c35a9e
54fadb412c4e40cdbaed9335e4c35a9e
54fadb412c4e40cdbaed9335e4c35a9e
54fadb412c4e40cdbaed9335e4c35a9e
54fadb412c4e40cdbaed9335e4c35a9e
54fadb412c4e40cdbaed9335e4c35a9e
54fadb412c4e40cdbaed9335e4c35a9e
54fadb412c4e40cdbaed9335e4c35a9e
54fadb412c4e40cdbaed9335e4c35a9e
54fadb412c4e40cdbaed9335e4c35a9e






54fadb412c4e40cdbaed9335e4c35a9e
54fadb412c4e40cdbaed9335e4c35a9e
54fadb412c4e40cdbaed9335e4c35a9e
54fadb412c4e40cdbaed9335e4c35a9e
54fadb412c4e40cdbaed9335e4c35a9e
54fadb412c4e40cdbaed9335e4c35a9e



54fadb412c4e40cdbaed9335e4c35a9e
54fadb412c4e40cdbaed9335e4c35a9e
54fadb412c4e40cdbaed9335e4c35a9e
54fadb412c4e40cdbaed9335e4c35a9e
e9746973ac574c6b8a9e8857f56a7608
e9746973ac574c6b8a9e8857f56a7608


54fadb412c4e40cdbaed9335e4c35a9e


54fadb412c4e40cdbaed9335e4c35a9e
54fadb412c4e40cdbaed9335e4c35a9e
54fadb412c4e40cdbaed9335e4c35a9e












54fadb412c4e40cdbaed9335e4c35a9e
54fadb412c4e40cdbaed9335e4c35a9e



54fadb412c4e40cdbaed9335e4c35a9e
54fadb412c4e40cdbaed9335e4c35a9e
54fadb412c4e40cdbaed9335e4c35a9e
54fadb412c4e40cdbaed9335e4c35a9e
54fadb412c4e40cdbaed9335e4c35a9e
54fadb412c4e40cdbaed9335e4c35a9e
54fadb412c4e40cdbaed9335e4c35a9e
e9746973ac574c6b8a9e8857f56a7608
e9746973ac574c6b8a9e8857f56a7608






54fadb412c4e40cdbaed9335e4c35a9e
54fadb412c4e40cdbaed9335e4c35a9e
54fadb412c4e40cdbaed9335e4c35a9e
54fadb412c4e40cdbaed9335e4c35a9e
54fadb412c4e40cdbaed9335e4c35a9e
54fadb412c4e40cdbaed9335e4c35a9e
54fadb412c4e40cdbaed9335e4c35a9e
54fadb412c4e40cdbaed9335e4c35a9e
54fadb412c4e40cdbaed9335e4c35a9e
54fadb412c4e40cdbaed9335e4c35a9e
54fadb412c4e40cdbaed9335e4c35a9e
54fadb412c4e40cdbaed9335e4c35a9e
54fadb412c4e40cdbaed9335e4c35a9e
54fadb412c4e40cdbaed9335e4c35a9e
54fadb412c4e40cdbaed9335e4c35a9e

54fadb412c4e40cdbaed9335e4c35a9e
54fadb412c4e40cdbaed9335e4c35a9e
54fadb412c4e40cdbaed9335e4c35a9e
54fadb412c4e40cdbaed9335e4c35a9e

54fadb412c4e40cdbaed9335e4c35a9e
54fadb412c4e40cdbaed9335e4c35a9e



54fadb412c4e40cdbaed9335e4c35a9e
54fadb412c4e40cdbaed9335e4c35a9e
54fadb412c4e40cdbaed9335e4c35a9e
54fadb412c4e40cdbaed9335e4c35a9e
54fadb412c4e40cdbaed9335e4c35a9e
54fadb412c4e40cdbaed9335e4c35a9e



54fadb412c4e40cdbaed9335e4c35a9e
54fadb412c4e40cdbaed9335e4c35a9e
54fadb412c4e40cdbaed9335e4c35a9e


54fadb412c4e40cdbaed9335e4c35a9e

54fadb412c4e40cdbaed9335e4c35a9e
54fadb412c4e40cdbaed9335e4c35a9e



54fadb412c4e40cdbaed9335e4c35a9e
54fadb412c4e40cdbaed9335e4c35a9e
54fadb412c4e40cdbaed9335e4c35a9e
54fadb412c4e40cdbaed9335e4c35a9e
e9746973ac574c6b8a9e8857f56a7608
e9746973ac574c6b8a9e8857f56a7608


54fadb412c4e40cdbaed9335e4c35a9e


54fadb412c4e40cdbaed9335e4c35a9e
54fadb412c4e40cdbaed9335e4c35a9e
54fadb412c4e40cdbaed9335e4c35a9e



54fadb412c4e40cdbaed9335e4c35a9e
54fadb412c4e40cdbaed9335e4c35a9e














54fadb412c4e40cdbaed9335e4c35a9e
54fadb412c4e40cdbaed9335e4c35a9e


54fadb412c4e40cdbaed9335e4c35a9e