Q6
Q6
Q6
Q6
Q6
Q6
Q6
Q6
Q6