2n
2n
2n